5.000000000000000971e-02,1.770564865331380035e-04
5.617246720102575530e-02,2.347689103371557813e-04
6.310692142900625745e-02,3.089785898928685561e-04
7.089742948257125865e-02,4.039023061278777501e-04
7.964967064493538862e-02,5.249278088842992875e-04
8.948237023750268970e-02,6.791024687401135684e-04
1.005289101447232603e-01,8.758452734936464455e-04
1.129391381571866332e-01,1.127920034648840792e-03
1.268814006769335978e-01,1.452671329541164969e-03
1.425448263589051412e-01,1.873484630282130003e-03
1.601418916664301417e-01,2.421432878823419690e-03
1.799113031428553333e-01,3.137191677787832048e-03
2.021212354977167946e-01,4.073641778250351557e-03
2.270729694325258896e-01,5.300203583691775328e-03
2.551049785537616854e-01,6.910836900404974600e-03
2.865975208125910445e-01,9.038570789899167887e-03
3.219777967548111963e-01,1.187991915481410518e-02
3.617257445533632598e-01,1.573184644668370463e-02
4.063805504338082186e-01,2.104123617933739698e-02
4.565479628075576612e-01,2.846151660047704576e-02
5.129085093300529419e-01,3.890348132486233512e-02
5.762267283493881509e-01,5.355909668786627831e-02
6.473615399712076002e-01,7.386555922947178610e-02
7.272778974247632311e-01,1.013981948822191004e-01
8.170598767824696074e-01,1.376807541162830550e-01
9.179253825967482738e-01,1.838892366948939872e-01
1.031242668938096685e+00,2.405399264037508533e-01
1.158548899944469746e+00,3.072087251951688414e-01
1.301571001658303750e+00,3.823711533618660008e-01
1.462249088009145437e+00,4.634325630384724115e-01
1.642762778718470651e+00,5.469753696937720289e-01
1.845560766132583463e+00,6.291904014285831792e-01
2.073394032061649739e+00,7.064032684518901650e-01
2.329353165215711119e+00,7.755755742592722601e-01
2.616910285453700080e+00,8.346675965669998476e-01
2.939966143553497613e+00,8.827913933988242867e-01
3.302903035417698696e+00,9.201446257773343573e-01
3.710644248503383036e+00,9.477728739748452202e-01
4.168720846874620634e+00,9.672429482293831704e-01
4.683346700825936182e+00,9.803140723171965831e-01
5.261502778863538232e+00,9.886727753810815589e-01
5.911031845476362179e+00,9.937637516916673075e-01
6.640744849284789808e+00,9.967167279084566678e-01
7.460540444736607490e+00,9.983478258633838864e-01
8.381539268677865806e+00,9.992057113515251388e-01
9.416234793278331239e+00,9.996353256526446796e-01
1.057866280165168682e+01,9.998401595639918593e-01
1.188459178512981573e+01,9.999331363821860608e-01
1.335173684495568658e+01,9.999733131827108767e-01
1.500000000000000000e+01,9.999898398022033508e-01
