5.000000000000000971e-02,5.491040821871122879e-15
5.617246720102575530e-02,3.861183109029851988e-14
6.310692142900625745e-02,2.541434003527607843e-13
7.089742948257125865e-02,1.566329011376318240e-12
7.964967064493538862e-02,9.042808238531132039e-12
8.948237023750268970e-02,4.892477057275708289e-11
1.005289101447232603e-01,2.481804931219018748e-10
1.129391381571866332e-01,1.180993679130620280e-09
1.268814006769335978e-01,5.274914006856952533e-09
1.425448263589051412e-01,2.212767090762851173e-08
1.601418916664301417e-01,8.723459612008968780e-08
1.799113031428553333e-01,3.234201133220542680e-07
2.021212354977167946e-01,1.128420183253740489e-06
2.270729694325258896e-01,3.707686493316117050e-06
2.551049785537616854e-01,1.148055037840431511e-05
2.865975208125910445e-01,3.352272984265535502e-05
3.219777967548111963e-01,9.236489627758888833e-05
3.617257445533632598e-01,2.402810146011849653e-04
4.063805504338082186e-01,5.904848050526492797e-04
4.565479628075576612e-01,1.371465358635313384e-03
5.129085093300529419e-01,3.011896203855344081e-03
5.762267283493881509e-01,6.256853397685153625e-03
6.473615399712076002e-01,1.230028740779415611e-02
7.272778974247632311e-01,2.289367995824020605e-02
8.170598767824696074e-01,4.036340317478123718e-02
9.179253825967482738e-01,6.745528274506611133e-02
1.031242668938096685e+00,1.069450597056650354e-01
1.158548899944469746e+00,1.610215423632500309e-01
1.301571001658303750e+00,2.305556927224093888e-01
1.462249088009145437e+00,3.144724365220243900e-01
1.642762778718470651e+00,4.094815661686915798e-01
1.845560766132583463e+00,5.103526878867082894e-01
2.073394032061649739e+00,6.107416650626692478e-01
2.329353165215711119e+00,7.043620584734551215e-01
2.616910285453700080e+00,7.861486629753440258e-01
2.939966143553497613e+00,8.530595729005050476e-01
3.302903035417698696e+00,9.043106757121247563e-01
3.710644248503383036e+00,9.410559133489815320e-01
4.168720846874620634e+00,9.657106786550023747e-01
4.683346700825936182e+00,9.811889413850379826e-01
5.261502778863538232e+00,9.902795441029821344e-01
5.911031845476362179e+00,9.952735247178210454e-01
6.640744849284789808e+00,9.978393399648368689e-01
7.460540444736607490e+00,9.990720875144337709e-01
8.381539268677865806e+00,9.996258755285766240e-01
9.416234793278331239e+00,9.998584638461971430e-01
1.057866280165168682e+01,9.999497836285485830e-01
1.188459178512981573e+01,9.999832983091333505e-01
1.335173684495568658e+01,9.999947947057341580e-01
1.500000000000000000e+01,9.999984803233580299e-01
