5.000000000000000971e-02,2.862347999828200055e-08
5.617246720102575530e-02,5.973732735267800562e-08
6.310692142900625745e-02,1.224869507126265607e-07
7.089742948257125865e-02,2.468325703961555618e-07
7.964967064493538862e-02,4.890006191463937830e-07
8.948237023750268970e-02,9.525760133430516394e-07
1.005289101447232603e-01,1.824785299638547028e-06
1.129391381571866332e-01,3.437346927512415310e-06
1.268814006769335978e-01,6.365688635387734684e-06
1.425448263589051412e-01,1.158572938607666449e-05
1.601418916664301417e-01,2.071313877959298755e-05
1.799113031428553333e-01,3.635465823688188236e-05
2.021212354977167946e-01,6.260262377706336259e-05
2.270729694325258896e-01,1.056999714382559464e-04
2.551049785537616854e-01,1.748925039731653430e-04
2.865975208125910445e-01,2.834702045236588272e-04
3.219777967548111963e-01,4.499885763518328115e-04
3.617257445533632598e-01,6.996726401369335107e-04
4.063805504338082186e-01,1.066069382726163913e-03
4.565479628075576612e-01,1.593165562172675501e-03
5.129085093300529419e-01,2.338459679444371622e-03
5.762267283493881509e-01,3.377878081158593258e-03
6.473615399712076002e-01,4.813909332760797979e-03
7.272778974247632311e-01,6.788762699097739169e-03
8.170598767824696074e-01,9.504484452437605285e-03
9.179253825967482738e-01,1.325142447890346672e-02
1.031242668938096685e+00,1.844481229986489473e-02
1.158548899944469746e+00,2.566613048786986484e-02
1.301571001658303750e+00,3.570141953341380431e-02
1.462249088009145437e+00,4.956315862826183444e-02
1.642762778718470651e+00,6.847736971910217685e-02
1.845560766132583463e+00,9.381553298483105707e-02
2.073394032061649739e+00,1.269549687561487006e-01
2.329353165215711119e+00,1.619744096950450074e-01
2.616910285453700080e+00,2.036600620560639896e-01
2.939966143553497613e+00,2.532434098300379022e-01
3.302903035417698696e+00,3.103893352492754776e-01
3.710644248503383036e+00,3.741201209523173921e-01
4.168720846874620634e+00,4.428266159250477951e-01
4.683346700825936182e+00,5.143772772055764664e-01
5.261502778863538232e+00,5.863153915458831911e-01
5.911031845476362179e+00,6.561145822067782074e-01
6.640744849284789808e+00,7.214487077139795090e-01
7.460540444736607490e+00,7.804286125209802805e-01
8.381539268677865806e+00,8.317659919277842206e-01
9.416234793278331239e+00,8.748415548222001625e-01
1.057866280165168682e+01,9.096757708960264699e-01
1.188459178512981573e+01,9.368199271813310025e-01
1.335173684495568658e+01,9.571981553047996805e-01
1.500000000000000000e+01,9.719351244938807532e-01
