SA(0.3s),RES1,RES2,RES3,RES4,RES5,RES6,COM1,COM2,COM3,COM4,COM5,COM6,COM7,COM8,COM9,COM10,IND1,IND2,IND3,IND4,IND5,IND6,GOV1,GOV2,EDU1,EDU2
0.05000000000000001,0.0019299797479364622,0.0009173798032642921,0.0027072905970975223,0.002285645730825348,0.002285645730825348,0.0027072905970975223,0.0021824035025266746,0.0021824035025266746,0.0021824035025266746,0.0035280122549914577,0.0033492347224137716,0.004049651858321077,0.003781485559454547,0.0033492347224137716,0.0033492347224137716,0.0012755815050097584,0.0021572250677670034,0.0021572250677670034,0.0021572250677670034,0.0021572250677670034,0.00385702086373356,0.0018707435025798126,0.002285645730825348,0.0019723000713718266,0.002285645730825348,0.0027072905970975223
0.056172467201025755,0.003202897549933469,0.001477965346842335,0.004446835238656931,0.00371716048484943,0.00371716048484943,0.004446835238656931,0.0035344218452583423,0.0035344218452583423,0.0035344218452583423,0.005650241949799583,0.005335382825807811,0.006542281459749222,0.006069992773761564,0.005335382825807811,0.005335382825807811,0.0020847191412042727,0.0034903816837914474,0.0034903816837914474,0.0034903816837914474,0.0034903816837914474,0.006202113258162248,0.003005027047637952,0.00371716048484943,0.003183380358080034,0.00371716048484943,0.004446835238656931
0.06310692142900626,0.0052585938821013405,0.0023564985211537775,0.007229287217074606,0.005981507179791342,0.005981507179791342,0.007229287217074606,0.005662240529271963,0.005662240529271963,0.005662240529271963,0.008949824419692866,0.008402559890149106,0.010456419389637775,0.009635522595322134,0.008402559890149106,0.008402559890149106,0.0033713762510260517,0.005586241236263835,0.005586241236263835,0.005586241236263835,0.005586241236263835,0.009863520474346516,0.004774445751806397,0.005981507179791342,0.0050835327500011965,0.005981507179791342,0.007229287217074606
0.07089742948257126,0.008541587605346129,0.003719029876473069,0.011633072098204213,0.009524495313665749,0.009524495313665749,0.011633072098204213,0.008973894585545674,0.008973894585545674,0.008973894585545674,0.014022633488583775,0.013083853684202089,0.016535812057957636,0.015127642351385107,0.013083853684202089,0.013083853684202089,0.005395328346402571,0.008844501560125137,0.008844501560125137,0.008844501560125137,0.008844501560125137,0.01551582142764672,0.007503994866295075,0.009524495313665749,0.0080325765101232,0.009524495313665749,0.011633072098204213
0.07964967064493539,0.01372633203124589,0.00581060944135583,0.018529780146710785,0.015008508966828978,0.015008508966828978,0.018529780146710785,0.014071183284372632,0.014071183284372632,0.014071183284372632,0.021735489237323373,0.020146123477824542,0.025876253585490665,0.023492204946242413,0.020146123477824542,0.020146123477824542,0.008544911083246544,0.013853836592025135,0.013853836592025135,0.013853836592025135,0.013853836592025135,0.024144245023284903,0.011668408221790794,0.015008508966828978,0.012560441295536233,0.015008508966828978,0.018529780146710785
0.08948237023750269,0.021823304459979025,0.008988979885326319,0.029217395655901254,0.02340595671485002,0.02340595671485002,0.029217395655901254,0.02183079262777017,0.02183079262777017,0.02183079262777017,0.033334257979062226,0.03067851247646701,0.04007308570438114,0.036089467450488306,0.03067851247646701,0.03067851247646701,0.013393727546042565,0.021470598822598382,0.021470598822598382,0.021470598822598382,0.021470598822598382,0.037170048866003676,0.017952888084179313,0.02340595671485002,0.019438459593664036,0.02340595671485002,0.029217395655901254
0.10052891014472326,0.03432721981756136,0.013770802686306996,0.045606070045101664,0.0361271901470892,0.0361271901470892,0.045606070045101664,0.03351410053084433,0.03351410053084433,0.03351410053084433,0.05058823576474888,0.04620836842783514,0.061421308029463634,0.05485150702409303,0.04620836842783514,0.04620836842783514,0.020778871313195595,0.03292517462395471,0.03292517462395471,0.03292517462395471,0.03292517462395471,0.056618284744761896,0.027334672885573695,0.0361271901470892,0.029776171842694314,0.0361271901470892,0.045606070045101664
0.11293913815718663,0.05342073706066433,0.02089425536787186,0.0704732543182253,0.0551928810953768,0.0551928810953768,0.0704732543182253,0.05091342703910332,0.05091342703910332,0.05091342703910332,0.07598012446926071,0.06885065160009533,0.09318294333000716,0.08248873402625909,0.06885065160009533,0.06885065160009533,0.031907179373803135,0.04996342076813936,0.04996342076813936,0.04996342076813936,0.04996342076813936,0.08533875283915099,0.04119098513230859,0.0551928810953768,0.045150819873637,0.0551928810953768,0.0704732543182253
0.1268814006769336,0.08224973271384858,0.03140265264188906,0.10780859041042692,0.08346254280438963,0.08346254280438963,0.10780859041042692,0.07654357892870448,0.07654357892870448,0.07654357892870448,0.1129521528521404,0.10149737635845424,0.1399386192304598,0.12275645448993058,0.10149737635845424,0.10149737635845424,0.04849726886886199,0.07503164138937081,0.07503164138937081,0.07503164138937081,0.07503164138937081,0.1272922671079316,0.06143973178062022,0.08346254280438963,0.06777788651073839,0.08346254280438963,0.10780859041042692
0.14254482635890514,0.1252887822159872,0.04675456963749283,0.16327249628106294,0.12493232735716542,0.12493232735716542,0.16327249628106294,0.11388833139027893,0.11388833139027893,0.11388833139027893,0.166219820770908,0.1480537879406687,0.2080422377426194,0.18079318849726053,0.1480537879406687,0.1480537879406687,0.07296626446142923,0.11151431910249468,0.11151431910249468,0.11151431910249468,0.11151431910249468,0.1879152253606133,0.09072001660859978,0.12493232735716542,0.1007320480316533,0.12493232735716542,0.16327249628106294
0.16014189166643014,0.18881753364283435,0.06896669137771665,0.2447954173276503,0.18511612322272913,0.18511612322272913,0.2447954173276503,0.16771174196381447,0.16771174196381447,0.16771174196381447,0.24216508679174673,0.2137276646065489,0.30619866661860246,0.2635425333408058,0.2137276646065489,0.2137276646065489,0.10867100771367157,0.1640340616550534,0.1640340616550534,0.1640340616550534,0.1640340616550534,0.27457557426708895,0.13261992251479582,0.18511612322272913,0.1482285304244635,0.18511612322272913,0.2447954173276503
0.17991130314285533,0.28152965414117176,0.10079614557314309,0.36334661751389385,0.27152390816029337,0.27152390816029337,0.36334661751389385,0.24444359339057373,0.24444359339057373,0.24444359339057373,0.3493202373398139,0.3053771764353781,0.44618402683020036,0.3802694354735467,0.3053771764353781,0.3053771764353781,0.16021390936546598,0.23882267801233503,0.23882267801233503,0.23882267801233503,0.23882267801233503,0.3971321816082628,0.19195894082473255,0.27152390816029337,0.21597482008994232,0.27152390816029337,0.36334661751389385
0.2021212354977168,0.41529530824293587,0.14596921202223,0.5339013056784989,0.3942497883399585,0.3942497883399585,0.5339013056784989,0.352646450560908,0.352646450560908,0.352646450560908,0.49895175992371354,0.4319209262730397,0.6437256683018153,0.5431794178258045,0.4319209262730397,0.4319209262730397,0.23382314701740672,0.3441706186037002,0.3441706186037002,0.3441706186037002,0.3441706186037002,0.5686069136974279,0.27513163086867,0.3942497883399585,0.31160162868090757,0.3942497883399585,0.5339013056784989
0.2270729694325259,0.6060948996855223,0.20946280677670473,0.7766318058812387,0.5666786127798135,0.5666786127798135,0.7766318058812387,0.5035684033353612,0.5035684033353612,0.5035684033353612,0.7057498351673703,0.6048109398924683,0.9195535303634985,0.7681451874511456,0.6048109398924683,0.6048109398924683,0.3378152554396504,0.49095884139187795,0.49095884139187795,0.49095884139187795,0.49095884139187795,0.8059738732815954,0.39051731746643925,0.5666786127798135,0.44517955246387864,0.5666786127798135,0.7766318058812387
0.2551049785537617,0.8751352180827672,0.29784373421652643,1.1183412209778296,0.8063139144019886,0.8063139144019886,1.1183412209778296,0.7117801781709395,0.7117801781709395,0.7117801781709395,0.988623092933193,0.838565268453187,1.300625460868585,1.0755387241485763,0.838565268453187,0.838565268453187,0.4831449036741846,0.6932721487546206,0.6932721487546206,0.6932721487546206,0.6932721487546206,1.131062812397533,0.54895759066821,0.8063139144019886,0.6298235811887435,0.8063139144019886,1.1183412209778296
0.28659752081259104,1.2501483470865173,0.4196680819423984,1.5941454115219544,1.1357206769178716,1.1357206769178716,1.5941454115219544,0.9958876401991256,0.9958876401991256,0.9958876401991256,1.3715896281794333,1.1513513645114337,1.8215154910075881,1.4911580955055888,1.1513513645114337,1.1513513645114337,0.684041411358649,0.9690858978827077,0.9690858978827077,0.9690858978827077,0.9690858978827077,1.5715633224548422,0.7642987888553207,1.1357206769178716,0.8823811139386835,1.1357206769178716,1.5941454115219544
0.3219777967548112,1.766858036985475,0.5859390078183264,2.249390056180218,1.5835637088192498,1.5835637088192498,2.249390056180218,1.379300631901033,1.379300631901033,1.379300631901033,1.8847436611595056,1.5656044180235602,2.525935539399003,2.047226674695085,1.5656044180235602,1.5656044180235602,0.9587240065778013,1.3410085764951234,1.3410085764951234,1.3410085764951234,1.3410085764951234,2.162102840912813,1.0539903089104934,1.5835637088192498,1.2241901489656575,1.5835637088192498,2.249390056180218
0.36172574455336326,2.4705773745002153,0.810615301354956,3.1417633685677906,2.1857061675539593,2.1857061675539593,3.1417633685677906,1.8910267092204704,1.8910267092204704,1.8910267092204704,2.5652626189807526,2.108656438178067,3.4683374770443356,2.783428205840307,2.108656438178067,2.108656438178067,1.330177800106806,1.8370511350640713,1.8370511350640713,1.8370511350640713,1.8370511350640713,2.945354928309504,1.4397213977611731,2.1857061675539593,1.6818827482894,2.1857061675539593,3.1417633685677906
0.4063805504338082,3.4178756709247695,1.1111553849249423,4.343531636771416,2.9863134037768164,2.9863134037768164,4.343531636771416,2.566444084566932,2.566444084566932,2.566444084566932,3.458402144861762,2.8133422609784837,4.715514476207698,3.7479246503827803,2.8133422609784837,2.8133422609784837,1.8269600207336212,2.491380563009134,2.491380563009134,2.491380563009134,2.491380563009134,3.973115215056174,1.948069125392065,2.9863134037768164,2.2881949559494874,2.9863134037768164,4.343531636771416
0.45654796280755766,4.67822243331841,1.5090719495937341,5.943784960230898,4.038885747145901,4.038885747145901,5.943784960230898,3.447992831752461,3.447992831752461,3.447992831752461,4.618407430652432,3.718538296817504,6.348089462472118,4.998285761719725,3.718538296817504,3.718538296817504,2.483991637535838,3.3450007589386312,3.3450007589386312,3.3450007589386312,3.3450007589386312,5.307261980161213,2.6111188650958996,4.038885747145901,3.0827286977305914,4.038885747145901,5.943784960230898
0.5129085093300529,6.335483870011542,2.030461573652014,8.050536407024902,5.407121765207303,5.407121765207303,8.050536407024902,4.585708480339082,4.585708480339082,4.585708480339082,6.10924972606777,4.869579421469572,8.461746628241189,6.60224117134389,4.869579421469572,4.869579421469572,3.3432739252208883,4.446289473762422,4.446289473762422,4.446289473762422,4.446289473762422,7.020498191073867,3.467006479553934,5.407121765207303,4.1125949253810985,5.407121765207303,8.050536407024902
0.5762267283493882,8.489115389891273,2.7064621761993988,10.792472709950701,7.165493234724861,7.165493234724861,10.792472709950701,6.037509315982823,6.037509315982823,6.037509315982823,8.005078941851698,6.318489966627559,11.16803270565071,8.638149242814501,6.318489966627559,6.318489966627559,4.454454121727347,5.851307630488789,5.851307630488789,5.851307630488789,5.851307630488789,9.196754299296602,4.560319564208096,7.165493234724861,5.432852031772866,7.165493234724861,10.792472709950701
0.6473615399712076,11.254865738571905,3.573580125294132,14.320113405726882,9.399397545580847,9.399397545580847,14.320113405726882,7.8691401775241765,7.8691401775241765,7.8691401775241765,10.390269557308809,8.123957577018619,14.594532324235253,11.195064353799966,8.123957577018619,8.123957577018619,5.875150872217944,7.623788640113004,7.623788640113004,7.623788640113004,7.623788640113004,11.931118966033486,5.942284934533424,9.399397545580847,7.106641490315443,9.399397545580847,14.320113405726882
0.7272778974247632,14.764789330322404,4.673819733306615,18.80610412152442,12.204745924629261,12.204745924629261,18.80610412152442,10.15367367731743,10.15367367731743,10.15367367731743,13.358930620540502,10.350975296162776,18.884211234899514,14.372278248332922,10.350975296162776,10.350975296162776,7.670940839139012,9.834712651628799,9.834712651628799,9.834712651628799,9.834712651628799,15.329161325398818,7.670662779886902,12.204745924629261,9.20491626416053,12.204745924629261,18.80610412152442
0.8170598767824696,19.166357984591222,6.054542503973197,24.444355510674775,15.686850233836484,15.686850233836484,24.444355510674775,12.970476890752536,12.970476890752536,12.970476890752536,17.013754694833782,13.070079265875343,24.193727581253377,18.27821443781572,13.070079265875343,13.070079265875343,9.914905107544936,12.56137619546104,12.56137619546104,12.56137619546104,12.56137619546104,19.505516523690208,9.8092664554461,15.686850233836484,11.805659423918073,15.686850233836484,24.444355510674775
0.9179253825967483,24.620476559557822,7.767983748775254,31.447749274395377,19.958490306149454,19.958490306149454,31.447749274395377,16.403569589937256,16.403569589937256,16.403569589937256,21.46409809473048,16.356118460702255,30.690539353514694,23.028569902472352,16.356118460702255,16.356118460702255,12.686640226924169,15.88588328399858,15.88588328399858,15.88588328399858,15.88588328399858,24.581628820288383,12.427032651123508,19.958490306149454,14.992503039030712,19.958490306149454,31.447749274395377
1.0312426689380967,31.29824297782553,9.870361858741447,40.044173105880844,25.137080040420965,25.137080040420965,40.044173105880844,20.539330174951935,20.539330174951935,20.539330174951935,26.823217830878185,20.28651021824211,38.54868895586006,28.743627536905944,20.28651021824211,20.28651021824211,16.07065593652707,19.893010925896252,19.893010925896252,19.893010925896252,19.893010925896252,30.682585284072992,15.596581292951232,25.137080040420965,18.852682578922728,25.137080040420965,40.044173105880844
1.1585488999444697,39.37635432379086,12.420531986460613,50.47072161905707,31.3409044615654,31.3409044615654,50.47072161905707,25.463547551061303,25.463547551061303,25.463547551061303,33.20464017073959,24.938961689741852,47.9432245469352,35.544706825438595,24.938961689741852,24.938961689741852,20.154111089188977,24.66744036089676,24.66744036089676,24.66744036089676,24.66744036089676,37.933028395932226,19.392229036996213,31.3409044615654,23.4743005142697,31.3409044615654,50.47072161905707
1.3015710016583038,49.03114709550542,15.478161807564234,62.96601157458089,38.68447028648597,38.68447028648597,62.96601157458089,31.25786978757773,31.25786978757773,31.25786978757773,40.71770059913955,30.388672587629628,59.043320586055735,43.549778568790856,30.388672587629628,30.388672587629628,25.023881125916105,30.290393950043836,30.290393950043836,30.290393950043836,30.290393950043836,46.452206081392546,23.887454728451452,38.68447028648597,28.94292379484458,38.68447028648597,62.96601157458089
1.4622490880091454,60.43136826489011,19.10144198729663,77.7607039692856,47.2730954337716,47.2730954337716,77.7607039692856,37.99576028001829,37.99576028001829,37.99576028001829,49.46237197947481,36.70507751177736,72.00428142350901,52.868339721962855,36.70507751177736,36.70507751177736,30.763003268870854,36.835773842036915,36.835773842036915,36.835773842036915,36.835773842036915,56.34829903590697,29.151858636465143,47.2730954337716,35.33760085566658,47.2730954337716,77.7607039692856
1.6427627787184707,73.72989802385455,23.34438629279672,95.06649488030966,57.1969521069278,57.1969521069278,95.06649488030966,45.73813448697025,45.73813448697025,45.73813448697025,59.52358127048822,43.9482342026704,86.9587427421719,63.59572214044518,43.9482342026704,43.9482342026704,37.44660630281737,44.36595800435016,44.36595800435016,44.36595800435016,44.36595800435016,67.71225158830545,35.24770717215176,57.1969521069278,42.72645033245785,57.1969521069278,95.06649488030966
1.8455607661325835,89.0547750380411,28.253822915261043,115.06401839270498,68.52486510543025,68.52486510543025,115.06401839270498,54.5289089321279,54.5289089321279,54.5289089321279,70.9652974949638,52.165013541600004,104.00751385291217,75.80708792286646,52.165013541600004,52.165013541600004,45.13749561640394,52.92746633877408,52.92746633877408,52.92746633877408,52.92746633877408,80.6114157029279,42.22620728452119,68.52486510543025,51.162039591232144,68.52486510543025,115.06401839270498
2.0733940320616497,106.49999791086614,33.866225187899694,137.8902811271784,81.29824191051965,81.29824191051965,137.8902811271784,64.39074204282434,64.39074204282434,64.39074204282434,83.82474547811478,61.38529315610565,123.21061464957705,89.55143616656332,61.38529315610565,61.38529315610565,53.88162484733185,62.5467578913864,62.5467578913864,62.5467578913864,62.5467578913864,95.08338862087716,50.1237047257103,81.29824191051965,60.67682908544325,81.29824191051965,137.8902811271784
2.329353165215711,126.11667785524618,40.20457126411487,163.62639849088094,95.52556344888208,95.52556344888208,163.62639849088094,75.32127649933636,75.32127649933636,75.32127649933636,98.10715127142082,71.61839355978601,144.5791390845925,104.8460025171403,71.61839355978601,71.61839355978601,63.70373588325777,73.22645291197334,73.22645291197334,73.22645291197334,73.22645291197334,111.13047327922936,58.9580420071329,95.52556344888208,71.27900055661621,95.52556344888208,163.62639849088094
2.6169102854537,147.90518261418057,47.275452828539585,192.28650668181837,111.17788475054121,111.17788475054121,192.28650668181837,87.29019895745627,87.29019895745627,87.29019895745627,113.7814469046847,82.85001821819404,168.06860820288358,121.67146517314757,82.85001821819404,82.85001821819404,74.60348184562616,84.94228465965436,84.94228465965436,84.94228465965436,84.94228465965436,128.7152080665533,68.72533909093688,111.17788475054121,82.94900581610362,111.17788475054121,192.28650668181837
2.9399661435534976,171.808927582606,55.06666725293062,223.8087625140198,128.18577582320995,128.18577582320995,223.8087625140198,100.23741101429793,100.23741101429793,100.23741101429793,130.7773469639462,95.03996176986665,193.57444930518307,139.96837151406373,95.03996176986665,95.03996176986665,86.55235657648707,97.64107088590875,97.64107088590875,97.64107088590875,97.64107088590875,147.75739189923127,79.39746725334759,128.18577582320995,95.63716253202273,128.18577582320995,223.8087625140198
3.3029030354176987,197.71042776919916,63.54552160476295,258.04930099976673,146.43807147683893,146.43807147683893,258.04930099976673,114.07255357051794,114.07255357051794,114.07255357051794,148.98415364451478,108.12083023932533,220.9301482990963,159.63516319131216,108.12083023932533,108.12083023932533,99.49173442651853,111.2399517375618,111.2399517375618,111.2399517375618,111.2399517375618,168.1329686901806,90.92047015256816,146.43807147683893,109.26258100922489,146.43807147683893,258.04930099976673
3.710644248503383,225.43012017763766,72.6580482758938,294.7798915991373,165.7826957300056,165.7826957300056,294.7798915991373,128.67604706200427,128.67604706200427,128.67604706200427,168.25155094323196,121.99797199355626,249.9084712016216,180.52810277710802,121.99797199355626,121.99797199355626,113.33227389212541,125.62707030144614,125.62707030144614,125.62707030144614,125.62707030144614,189.6750330587824,103.21414419625754,165.7826957300056,123.71363178041298,165.7826957300056,294.7798915991373
4.168720846874621,254.72830367655288,82.32928089974197,333.6898209462279,186.02968810157518,186.02968810157518,333.6898209462279,143.90170763822528,143.90170763822528,143.90170763822528,188.3925180144492,136.5507496309064,280.2259471087998,202.46329453348565,136.5507496309064,136.5507496309064,127.95485931649495,140.6637783314943,140.6637783314943,140.6637783314943,140.6637783314943,212.17708245367845,116.17292388739229,186.02968810157518,138.85006219312476,186.02968810157518,333.6898209462279
4.683346700825936,285.3103330047464,92.46466861501106,374.3922459004516,206.9563966757135,206.9563966757135,374.3922459004516,159.5808826905552,159.5808826905552,159.5808826905552,209.1883366739177,151.63519507818918,311.55056501267234,225.22085261907955,151.63519507818918,151.63519507818918,143.21315150192424,156.18834015369845,156.18834015369845,156.18834015369845,156.18834015369845,235.39848022964975,129.66813101825912,206.9563966757135,154.50674911159652,206.9563966757135,374.3922459004516
5.261502778863538,316.8349624500514,102.95262224918274,416.43492898947784,228.3146313287696,228.3146313287696,416.43492898947784,175.52792902674457,175.52792902674457,175.52792902674457,230.39550275553543,167.0879897865005,343.5123827065373,248.5511132529849,167.0879897865005,167.0879897865005,158.93769908171717,172.02099213774125,172.02099213774125,172.02099213774125,172.02099213774125,259.0719239199948,143.55154632409287,228.3146313287696,170.49894546211002,228.3146313287696,416.43492898947784
5.911031845476362,348.92548529224564,113.66809547627386,459.3149195126109,249.83940715261724,249.83940715261724,459.3149195126109,191.54674550343552,191.54674550343552,191.54674550343552,251.7541920569189,182.73160811251367,375.7165031810767,272.1826272644688,182.73160811251367,182.73160811251367,174.94143887219826,187.970104738361,187.970104738361,187.970104738361,187.970104738361,282.91254955969237,157.66015769631335,249.83940715261724,186.62875361957262,249.83940715261724,459.3149195126109
6.64074484928479,381.1830823349048,124.47701663700106,502.49641295701065,271.2587702722062,271.2587702722062,502.49641295701065,207.4379808761078,207.4379808761078,207.4379808761078,272.99779589299027,198.38036502616728,407.7576682187014,295.83152191846693,198.38036502616728,198.38036502616728,191.0262975726484,203.8391003858663,203.8391003858663,203.8391003858663,203.8391003858663,306.62816338919146,171.82184074775478,271.2587702722062,202.69245185376496,271.2587702722062,502.49641295701065
7.4605404447366075,413.20160145186287,135.24131210491487,545.4307442615996,292.3041012083454,292.3041012083454,545.4307442615996,223.00647705043872,223.00647705043872,223.00647705043872,293.86294395676185,213.8470294784276,439.23557318672636,319.211701469225,213.8470294784276,213.8470294784276,206.99051141303556,219.4337136102962,219.4337136102962,219.4337136102962,219.4337136102962,329.92999178965255,185.8616458813224,292.3041012083454,218.48822310767133,292.3041012083454,545.4307442615996
8.381539268677866,444.58286121907867,145.8242082430295,587.5772777125071,312.72024579827246,312.72024579827246,587.5772777125071,238.0684847567088,238.0684847567088,238.0684847567088,314.0993845570855,228.9496110618639,469.7699380768152,342.04527783398277,228.9496110618639,228.9496110618639,222.6362152992426,234.56914727215616,234.56914727215616,234.56914727215616,234.56914727215616,352.5432902876408,199.60831015964553,312.72024579827246,233.8237971323072,312.72024579827246,587.5772777125071
9.416234793278331,474.9515202202321,156.09547237361426,628.4238701122183,332.2748358722977,332.2748358722977,628.4238701122183,252.45820578242848,252.45820578242848,252.45820578242848,333.4791002177924,243.51790643717385,499.01438598119387,364.07259531026614,243.51790643717385,243.51790643717385,237.77682619648974,249.07668455217868,249.07668455217868,249.07668455217868,249.07668455217868,374.21715900101543,212.90058874936395,332.2748358722977,248.52352205998642,332.2748358722977,628.4238701122183
10.578662801651687,503.9685859089746,165.9362569978808,667.5056148323962,350.76623032305264,350.76623032305264,667.5056148323962,266.0332716530675,266.0332716530675,266.0332716530675,351.80409963109815,257.39940635525585,526.6682801386017,385.06124022483823,257.39940635525585,257.39940635525585,252.24376028149868,262.8093601177818,262.8093601177818,262.8093601177818,262.8093601177818,394.7329748306954,225.59301255728835,350.76623032305264,262.4344295413786,350.76623032305264,667.5056148323962
11.884591785129816,531.3427500022996,175.243245468871,704.4207196485396,368.0296244452135,368.0296244452135,704.4207196485396,278.67885710242166,278.67885710242166,278.67885710242166,368.91243831742,270.4642130114576,552.4858436039235,404.81350564498,270.4642130114576,270.4642130114576,265.8920784692014,275.6463711146981,275.6463711146981,275.6463711146981,275.6463711146981,413.9109636081505,237.5607249536152,368.0296244452135,275.43094336847514,368.0296244452135,704.4207196485396
13.351736844955687,556.8389192220708,183.93185767638101,738.8426150758085,383.94102863370665,383.94102863370665,738.8426150758085,290.31023834450406,290.31023834450406,290.31023834450406,384.68216790870855,282.60869607625347,576.282112588061,423.17190483937827,282.60869607625347,282.60869607625347,278.60474442978585,287.4960111634199,287.4960111634199,287.4960111634199,287.4960111634199,431.61458638263076,248.7031263645806,383.94102863370665,287.41799561053926,383.94102863370665,738.8426150758085
15.0,580.2835412459541,191.9383543157325,770.5277055893675,398.4189902072904,398.4189902072904,770.5277055893675,300.8737292788771,300.8737292788771,300.8737292788771,399.0330818254913,293.7577159133074,597.935531120036,440.0224822517602,293.7577159133074,293.7577159133074,290.2952935275273,298.29702761762024,298.29702761762024,298.29702761762024,298.29702761762024,447.7525872355308,258.94615291424225,398.4189902072904,298.3324443203983,398.4189902072904,770.5277055893675
