5.000000000000000971e-02,1.206044056323923473e-03
5.617246720102575530e-02,1.833413501949302535e-03
6.310692142900625745e-02,2.711060913509658922e-03
7.089742948257125865e-02,3.905331372670337899e-03
7.964967064493538862e-02,5.490664651296975687e-03
8.948237023750268970e-02,7.551293996768530283e-03
1.005289101447232603e-01,1.018621582945148339e-02
1.129391381571866332e-01,1.351890782761038141e-02
1.268814006769335978e-01,1.771271361136931774e-02
1.425448263589051412e-01,2.299164864104142475e-02
1.601418916664301417e-01,2.966466674845314594e-02
1.799113031428553333e-01,3.814938843195714996e-02
2.021212354977167946e-01,4.898933378442986430e-02
2.270729694325258896e-01,6.285736063251834427e-02
2.551049785537616854e-01,8.053786700822884725e-02
2.865975208125910445e-01,1.028818841410204243e-01
3.219777967548111963e-01,1.307327295553708524e-01
3.617257445533632598e-01,1.648252611234539700e-01
4.063805504338082186e-01,2.055726490864926703e-01
4.565479628075576612e-01,2.530774941097848063e-01
5.129085093300529419e-01,3.071523614432064564e-01
5.762267283493881509e-01,3.670146628109505205e-01
6.473615399712076002e-01,4.313875249159937475e-01
7.272778974247632311e-01,4.985694091066321665e-01
8.170598767824696074e-01,5.665671686479826219e-01
9.179253825967482738e-01,6.332761442876042590e-01
1.031242668938096685e+00,6.966806133870805384e-01
1.158548899944469746e+00,7.550429995264993366e-01
1.301571001658303750e+00,8.070522183898545254e-01
1.462249088009145437e+00,8.519099763983793983e-01
1.642762778718470651e+00,8.893465257594219686e-01
1.845560766132583463e+00,9.195709822083462104e-01
2.073394032061649739e+00,9.431724631487108379e-01
2.329353165215711119e+00,9.609946210990540916e-01
2.616910285453700080e+00,9.740068333931843902e-01
2.939966143553497613e+00,9.831911679596465614e-01
3.302903035417698696e+00,9.894571824685520767e-01
3.710644248503383036e+00,9.935888807111009635e-01
4.168720846874620634e+00,9.962216331940423331e-01
4.683346700825936182e+00,9.978426606871292348e-01
5.261502778863538232e+00,9.988069955947344036e-01
5.911031845476362179e+00,9.993612179526434325e-01
6.640744849284789808e+00,9.996689149789312889e-01
7.460540444736607490e+00,9.998339259585353744e-01
8.381539268677865806e+00,9.999193976631310932e-01
9.416234793278331239e+00,9.999621563027555338e-01
1.057866280165168682e+01,9.999828144582897371e-01
1.188459178512981573e+01,9.999924527818339071e-01
1.335173684495568658e+01,9.999967952009951588e-01
1.500000000000000000e+01,9.999986843315240570e-01
